set zams_mass xi1.75 xi2.5 ni56 ni56_error ni57 ni57_error ni58 ni58_error ti44 ti44_error
"Curtis+ 2019 (WHW02)" 10.8 0.03644444159362528 0.0033065729242409293 0.0271 0.0 0.000525 0 0.000182 0 1.45e-05 0.0
"Curtis+ 2019 (WHW02)" 11.0 0.06611893056401512 0.0040352827010719464 0.0238 0.0 0.000346 0 0.000125 0 1.15e-05 0.0
"Curtis+ 2019 (WHW02)" 11.2 0.07324092030369385 0.0051518659431788565 0.0231 0.0 0.000312 0 0.000101 0 1.28e-05 0.0
"Curtis+ 2019 (WHW02)" 11.4 0.08838975419981246 0.005899224637688706 0.0224 0.0 0.000313 0 0.000108 0 1.08e-05 0.0
"Curtis+ 2019 (WHW02)" 11.6 0.07895326880775062 0.004910405007907849 0.0243 0.0 0.000334 0 0.000114 0 1.08e-05 0.0
"Curtis+ 2019 (WHW02)" 11.8 0.06401417776689383 0.003525645582473704 0.0239 0.0 0.00037 0 0.000127 0 1.36e-05 0.0
"Curtis+ 2019 (WHW02)" 12.0 0.1809452905605271 0.016405786602832713 0.0369 0.0 0.00151 0 0.00358 0 2.06e-05 0.0
"Curtis+ 2019 (WHW02)" 12.2 0.21014170663210557 0.022155717969501137 0.0338 0.0 0.000728 0 0.000377 0 2.32e-05 0.0
"Curtis+ 2019 (WHW02)" 12.4 0.26528414176919374 0.02806408389715146 0.0406 0.0 0.000686 0 0.000246 0 2.33e-05 0.0
"Curtis+ 2019 (WHW02)" 12.6 0.2190896847804522 0.03057768845204059 0.0476 0.0 0.0007 0 0.000356 0 2.2e-05 0.0
"Curtis+ 2019 (WHW02)" 12.8 0.15190579064766424 0.02934432906500334 0.032 0.0 0.000435 0 0.000154 0 1.36e-05 0.0
"Curtis+ 2019 (WHW02)" 13.0 0.2441984623511642 0.04098581770134302 0.0438 0.0 0.00174 0 0.00414 0 2.07e-05 0.0
"Curtis+ 2019 (WHW02)" 13.2 0.334419594666463 0.048548522238734695 0.0483 0.0 0.000889 0 0.000291 0 2.89e-05 0.0
"Curtis+ 2019 (WHW02)" 13.4 0.37250710286955635 0.0587729854175119 0.0519 0.0 0.000972 0 0.000316 0 3.04e-05 0.0
"Curtis+ 2019 (WHW02)" 13.6 0.4134025421123703 0.0708234045823966 0.0592 0.0 0.00112 0 0.000382 0 3.39e-05 0.0
"Curtis+ 2019 (WHW02)" 13.8 0.4287338342722369 0.08054624714615266 0.0608 0.0 0.00116 0 0.000403 0 3.54e-05 0.0
"Curtis+ 2019 (WHW02)" 14.0 0.4751217208418762 0.09588851334917206 0.0685 0.0 0.0013 0 0.000463 0 3.83e-05 0.0
"Curtis+ 2019 (WHW02)" 14.2 0.49325577754391847 0.11159794574673347 0.0751 0.0 0.00146 0 0.000545 0 4.19e-05 0.0
"Curtis+ 2019 (WHW02)" 14.4 0.5137191369330125 0.12400881837667524 0.0809 0.0 0.00157 0 0.000617 0 4.4e-05 0.0
"Curtis+ 2019 (WHW02)" 14.6 0.5014918739191176 0.1271645968539171 0.0818 0.0 0.0016 0 0.000639 0 4.53e-05 0.0
"Curtis+ 2019 (WHW02)" 14.8 0.5211728594780307 0.13579898122397183 0.0866 0.0 0.00175 0 0.000791 0 4.92e-05 0.0
"Curtis+ 2019 (WHW02)" 15.0 0.5444392093314402 0.1490963042277845 0.0922 0.0 0.00179 0 0.000741 0 4.97e-05 0.0
"Curtis+ 2019 (WHW02)" 15.2 0.5399660900731017 0.15999685975288425 0.109 0.0 0.00294 0 0.00448 0 5.2e-05 0.0
"Curtis+ 2019 (WHW02)" 15.4 0.5595838084319859 0.17555828185748226 0.123 0.0 0.0025 0 0.0016 0 5.7e-05 0.0
"Curtis+ 2019 (WHW02)" 15.6 0.45607327477540355 0.16985456506752994 0.108 0.0 0.0044 0 0.0115 0 4.25e-05 0.0
"Curtis+ 2019 (WHW02)" 15.8 0.3861589449619115 0.1584732100886969 0.0986 0.0 0.00172 0 0.00054 0 4.32e-05 0.0
"Curtis+ 2019 (WHW02)" 16.0 0.36066420398595067 0.15388743807020114 0.0754 0.0 0.00297 0 0.00741 0 3.26e-05 0.0
"Curtis+ 2019 (WHW02)" 16.2 0.381990671346086 0.16574766187639792 0.0863 0.0 0.00322 0 0.00785 0 4.02e-05 0.0
"Curtis+ 2019 (WHW02)" 16.4 0.3529035645144704 0.15762112554809316 0.069 0.0 0.00269 0 0.0067 0 3.12e-05 0.0
"Curtis+ 2019 (WHW02)" 16.6 0.356257630315198 0.1610393622422643 0.0812 0.0 0.00123 0 0.000329 0 3.87e-05 0.0
"Curtis+ 2019 (WHW02)" 16.8 0.35268728572871816 0.15846159194423717 0.0787 0.0 0.00119 0 0.000328 0 3.7e-05 0.0
"Curtis+ 2019 (WHW02)" 17.0 0.3566935350676062 0.16095543265053333 0.0793 0.0 0.00119 0 0.000328 0 3.77e-05 0.0
"Curtis+ 2019 (WHW02)" 17.2 0.3676954090063364 0.16783723144618864 0.0795 0.0 0.00121 0 0.000329 0 3.75e-05 0.0
"Curtis+ 2019 (WHW02)" 17.4 0.3594958950961745 0.15994337203505476 0.0645 0.0 0.00252 0 0.00631 0 3.22e-05 0.0
"Curtis+ 2019 (WHW02)" 17.6 0.3779236373934089 0.1661232681194982 0.0761 0.0 0.00114 0 0.00033 0 3.48e-05 0.0
"Curtis+ 2019 (WHW02)" 17.8 0.5386495117011051 0.20724627000514267 0.123 0.0 0.00501 0 0.0132 0 5.3e-05 0.0
"Curtis+ 2019 (WHW02)" 18.0 0.4759140859067244 0.2013041077500845 0.112 0.0 0.0045 0 0.0119 0 4.35e-05 0.0
"Curtis+ 2019 (WHW02)" 18.2 0.3811538563280754 0.1746313232782411 0.0798 0.0 0.00313 0 0.00789 0 3.36e-05 0.0
"Curtis+ 2019 (WHW02)" 18.4 0.6524932781504693 0.18773131516881383 0.0972 0.0 0.00247 0 0.00285 0 6.06e-05 0.0
"Curtis+ 2019 (WHW02)" 18.6 0.377684859094039 0.17215702671509525 0.0688 0.0 0.00265 0 0.00654 0 3.1e-05 0.0
"Curtis+ 2019 (WHW02)" 18.8 0.36873301393685176 0.16760944182638332 0.069 0.0 0.00266 0 0.00656 0 3.05e-05 0.0
"Curtis+ 2019 (WHW02)" 19.0 0.6251166150999042 0.1937689764194607 0.112 0.0 0.00235 0 0.00136 0 6.15e-05 0.0
"Curtis+ 2019 (WHW02)" 19.2 0.6524132911905187 0.19417151381961306 0.104 0.0 0.0022 0 0.00126 0 6.19e-05 0.0
"Curtis+ 2019 (WHW02)" 19.4 0.5179703160920142 0.18725278618204946 0.107 0.0 0.00427 0 0.011 0 5.17e-05 0.0
"Curtis+ 2019 (WHW02)" 19.6 0.29565040226299555 0.11891362823020829 0.0356 0.0 0.000514 0 0.000274 0 1.85e-05 0.0
"Curtis+ 2019 (WHW02)" 19.8 0.34700484869871495 0.1363630306215562 0.069 0.0 0.00105 0 0.000437 0 3.18e-05 0.0
"Curtis+ 2019 (WHW02)" 20.0 0.29278405468287977 0.12688049786303315 0.0624 0.0 0.000935 0 0.000292 0 2.93e-05 0.0
"Curtis+ 2019 (WHW02)" 20.2 0.2500653500029654 0.10511869482880302 0.0306 0.0 0.000435 0 0.000156 0 1.61e-05 0.0
"Curtis+ 2019 (WHW02)" 20.4 0.5553751959882087 0.19478208241310221 0.0816 0.0 0.00134 0 0.000393 0 3.78e-05 0.0
"Curtis+ 2019 (WHW02)" 20.6 0.7643564117019258 0.28195086426486415 0.117 0.0 0.00208 0 0.000482 0 5.27e-05 0.0
"Curtis+ 2019 (WHW02)" 20.8 0.7505101611383562 0.274725185471132 0.113 0.0 0.00198 0 0.000508 0 5.04e-05 0.0
"Curtis+ 2019 (WHW02)" 21.0 0.6758052944910565 0.21526396207441145 0.135 0.0 0.00284 0 0.00185 0 6.14e-05 0.0
"Curtis+ 2019 (WHW02)" 21.2 0.6453987433718168 0.19128583484817044 0.115 0.0 0.0028 0 0.00306 0 5.99e-05 0.0
"Curtis+ 2019 (WHW02)" 21.4 0.4816856644596395 0.2286637640848782 0.111 0.0 0.00434 0 0.0112 0 4.56e-05 0.0
"Curtis+ 2019 (WHW02)" 21.6 0.46391468355266635 0.1806309567077729 0.0861 0.0 0.00131 0 0.000446 0 3.64e-05 0.0
"Curtis+ 2019 (WHW02)" 21.8 0.6438586665848136 0.1896025316296323 0.118 0.0 0.0026 0 0.00211 0 6.01e-05 0.0
"Curtis+ 2019 (WHW02)" 22.0 0.38290842041966194 0.1650123338604555 0.0691 0.0 0.00264 0 0.00644 0 3.09e-05 0.0
"Curtis+ 2019 (WHW02)" 22.4 0.5313598822088329 0.1997286700973496 0.0908 0.0 0.00142 0 0.000425 0 3.72e-05 0.0
"Curtis+ 2019 (WHW02)" 22.6 0.7361660953035026 0.2559951569956702 0.113 0.0 0.00194 0 0.000649 0 4.61e-05 0.0
"Curtis+ 2019 (WHW02)" 25.8 0.7453835686265856 0.24748365478905796 0.0807 0.0 0.00146 0 0.000368 0 4.16e-05 0.0
"Curtis+ 2019 (WHW02)" 26.0 0.8189188305606051 0.3348609524624359 0.128 0.0 0.00244 0 0.000585 0 9.34e-05 0.0
"Curtis+ 2019 (WHW02)" 26.2 0.5974755609436389 0.23130141386809142 0.0781 0.0 0.0013 0 0.000321 0 4.05e-05 0.0
"Curtis+ 2019 (WHW02)" 26.4 0.5988217606838169 0.23733968321129215 0.083 0.0 0.00134 0 0.000322 0 4.15e-05 0.0
"Curtis+ 2019 (WHW02)" 26.6 0.5608933363778597 0.22727028994199774 0.0778 0.0 0.00126 0 0.000323 0 3.96e-05 0.0
"Curtis+ 2019 (WHW02)" 26.8 0.5934731497398511 0.23309064632240328 0.0798 0.0 0.0013 0 0.000718 0 4.06e-05 0.0
"Curtis+ 2019 (WHW02)" 27.0 0.5230222043817822 0.23201909103279136 0.0843 0.0 0.00139 0 0.000303 0 4.13e-05 0.0
"Curtis+ 2019 (WHW02)" 27.2 0.5270515172169745 0.2335644838060562 0.086 0.0 0.0014 0 0.000435 0 4.14e-05 0.0
"Curtis+ 2019 (WHW02)" 27.4 0.5995154905743123 0.2440125719421884 0.0882 0.0 0.00149 0 0.000305 0 4.34e-05 0.0
"Curtis+ 2019 (WHW02)" 27.6 0.5977983565034277 0.24484755889928783 0.0893 0.0 0.00148 0 0.000309 0 4.3e-05 0.0
"Curtis+ 2019 (WHW02)" 27.8 0.5730316353170469 0.24431437242951354 0.0901 0.0 0.0015 0 0.000302 0 4.36e-05 0.0
"Curtis+ 2019 (WHW02)" 28.0 0.5156809097792664 0.23525899256685787 0.0871 0.0 0.00138 0 0.000291 0 4.09e-05 0.0
"Curtis+ 2019 (WHW02)" 28.2 0.49280618244535 0.23088388539952753 0.114 0.0 0.00449 0 0.0119 0 4.71e-05 0.0
"Curtis+ 2019 (WHW02)" 29.0 0.4336520145969171 0.198665890064063 0.0981 0.0 0.00289 0 0.00525 0 4.05e-05 0.0
"Curtis+ 2019 (WHW02)" 30.0 0.5705902005506039 0.22179997471957424 0.133 0.0 0.00545 0 0.0145 0 5.17e-05 0.0
"Curtis+ 2019 (WHW02)" 31.0 0.41147678411842203 0.17303491910168559 0.0824 0.0 0.00124 0 0.000354 0 3.57e-05 0.0
"Curtis+ 2019 (WHW02)" 32.0 0.5436311980314873 0.19501695370636912 0.1 0.0 0.00158 0 0.000444 0 3.83e-05 0.0
"Curtis+ 2019 (WHW02)" 33.0 0.6506509167558842 0.2227104433262498 0.107 0.0 0.00172 0 0.000461 0 4.22e-05 0.0
"Curtis+ 2019 (WHW02)" 34.0 0.7290693025614597 0.24599720599679809 0.115 0.0 0.00195 0 0.000551 0 4.63e-05 0.0
"Curtis+ 2019 (WHW02)" 35.0 0.5523945555936078 0.20338272603001517 0.0967 0.0 0.00154 0 0.000414 0 3.98e-05 0.0
"Curtis+ 2019 (WHW02)" 36.0 0.5847259504768949 0.20423519662364187 0.104 0.0 0.00172 0 0.000443 0 4.07e-05 0.0
"Curtis+ 2019 (WHW02)" 37.0 0.6897548092763692 0.2795932049643621 0.158 0.0 0.00361 0 0.00336 0 8.1e-05 0.0
"Curtis+ 2019 (WHW02)" 38.0 0.5355864556685459 0.24048339062686316 0.0897 0.0 0.00144 0 0.000293 0 4.21e-05 0.0
"Curtis+ 2019 (WHW02)" 40.0 0.7579446015246581 0.2625606570402814 0.0879 0.0 0.00161 0 0.000371 0 4.69e-05 0.0
"Curtis+ 2019 (WHW02)" 75.0 0.311060099474853 0.11151350566800636 0.0265 0.0 0.000404 0 0.000147 0 1.5e-05 0.0
"Curtis+ 2019 (WH07)" 12.0 -1.0 -1.0 0.0387 0.0 0.00133 0 0.00138 0 2.37e-05 0.0
"Curtis+ 2019 (WH07)" 13.0 -1.0 -1.0 0.055 0.0 0.00192 0 0.00209 0 3.48e-05 0.0
"Curtis+ 2019 (WH07)" 14.0 -1.0 -1.0 0.0715 0.0 0.00251 0 0.00285 0 4.26e-05 0.0
"Curtis+ 2019 (WH07)" 15.0 -1.0 -1.0 0.117 0.0 0.00428 0 0.0076 0 5.38e-05 0.0
"Curtis+ 2019 (WH07)" 16.0 -1.0 -1.0 0.0664 0.0 0.00209 0 0.00288 0 3.02e-05 0.0
"Curtis+ 2019 (WH07)" 17.0 -1.0 -1.0 0.0703 0.0 0.00218 0 0.00287 0 3.09e-05 0.0
"Curtis+ 2019 (WH07)" 18.0 -1.0 -1.0 0.094 0.0 0.00358 0 0.00632 0 5.87e-05 0.0
"Curtis+ 2019 (WH07)" 19.0 -1.0 -1.0 0.0871 0.0 0.00269 0 0.00326 0 3.57e-05 0.0
"Curtis+ 2019 (WH07)" 20.0 -1.0 -1.0 0.112 0.0 0.00341 0 0.00424 0 4.92e-05 0.0
"Curtis+ 2019 (WH07)" 21.0 -1.0 -1.0 0.0622 0.0 0.00246 0 0.00607 0 2.98e-05 0.0
"Curtis+ 2019 (WH07)" 22.0 -1.0 -1.0 0.114 0.0 0.00349 0 0.0043 0 4.91e-05 0.0
"Curtis+ 2019 (WH07)" 25.0 -1.0 -1.0 0.118 0.0 0.00351 0 0.00469 0 7.73e-05 0.0
"Curtis+ 2019 (WH07)" 26.0 -1.0 -1.0 0.0733 0.0 0.00216 0 0.0023 0 3.73e-05 0.0
"Curtis+ 2019 (WH07)" 27.0 -1.0 -1.0 0.0862 0.0 0.00257 0 0.003 0 4.26e-05 0.0
"Curtis+ 2019 (WH07)" 28.0 -1.0 -1.0 0.153 0.0 0.00584 0 0.0155 0 6.18e-05 0.0
"Curtis+ 2019 (WH07)" 29.0 -1.0 -1.0 0.0963 0.0 0.0029 0 0.00368 0 4.08e-05 0.0
"Curtis+ 2019 (WH07)" 30.0 -1.0 -1.0 0.108 0.0 0.00331 0 0.00368 0 4.27e-05 0.0
"Curtis+ 2019 (WH07)" 31.0 -1.0 -1.0 0.0993 0.0 0.00297 0 0.00331 0 3.92e-05 0.0
"Curtis+ 2019 (WH07)" 32.0 -1.0 -1.0 0.113 0.0 0.00339 0 0.00387 0 4.54e-05 0.0
"Curtis+ 2019 (WH07)" 33.0 -1.0 -1.0 0.118 0.0 0.00355 0 0.00419 0 4.95e-05 0.0
"Curtis+ 2019 (WH07)" 50.0 -1.0 -1.0 0.106 0.0 0.00319 0 0.00352 0 4.15e-05 0.0
"Curtis+ 2019 (WH07)" 55.0 -1.0 -1.0 0.0997 0.0 0.00297 0 0.00363 0 4.27e-05 0.0
"Curtis+ 2019 (WH07)" 60.0 -1.0 -1.0 0.0832 0.0 0.00127 0 0.000491 0 5.67e-05 0.0
"Curtis+ 2019 (WH07)" 70.0 -1.0 -1.0 0.0984 0.0 0.00303 0 0.00378 0 3.92e-05 0.0
"Curtis+ 2019 (WH07)" 80.0 -1.0 -1.0 0.088 0.0 0.00269 0 0.00341 0 3.55e-05 0.0
"Curtis+ 2019 (WH07)" 100.0 -1.0 -1.0 0.123 0.0 0.00409 0 0.00538 0 6.14e-05 0.0
"Curtis+ 2019 (WH07)" 120.0 -1.0 -1.0 0.0809 0.0 0.00256 0 0.00295 0 3.62e-05 0.0
"Cas A" 20.0 -1.0 0.15 0.25 0.0 0.0 0 0.0 0 0.000154 2.1e-05
1987A 20.0 -1.0 0.255 0.069 0.003 0.0 0 0.0 0 0.00015 3e-05
